layout_spectrum: 0.4795918
typography_spectrum: 0.7373791
color:
  saturation: 0.4935553
  lightness: 0.1219119
  brandStrength: 0.4967777
  rhythmicContrast: 0.367884
name: Quickstudios
