layout_spectrum: 0.4795918
color:
  saturation: 0.5354457
  brandStrength: 0.4967777
  lightness: 0.6901182
  rhythmicContrast: 0.367884
typography_spectrum: 0.7373791
name: Quickstudios
